23.61
23.52
23.51
23.66
23.63
23.7
23.61
23.66
23.59
23.67
23.63
23.53
23.57
23.59
23.74
23.54
23.51
23.66
23.58
23.54
16.49
16.2
16.3
16.02
16.46
22.96
23.44
23.37
22.88
23.45
23.33
23.45
23.25
22.79
22.93
22.93
23.07
23.27
23.34
23.46
22.87
23.08
22.86
22.82
23.4
17.11
17.07
16.86
16.95
16.85
23.48
23.07
23.22
23.21
23.43
23.13
23.3
23.36
23.27
23.29
23.4
23.23
23.19
23.35
23.1
23.02
23.31
23.43
23.21
23.15
16.29
16.04
15.99
16.05
16.2
23.31
23.35
23.46
23.16
23.46
23.16
23.26
23.23
23.15
23.47
23.46
23.47
23.29
23.35
23.23
23.28
23.5
23.06
23.08
23.45
16.29
16.34
16.33
16.22
16.07
