1010.52
1011.92
1012.22
1011.05
1011.05
1011.34
1011.82
1010.12
1012.69
1012.95
1010.69
1012.47
1012.43
1012.17
1012.44
1010.88
1011.19
1010.72
1011.68
1012.98
963.16
965.52
968.1
960.51
961.76
1011.68
1011.59
1011.72
1010.84
1011.44
1011.22
1012.83
1011.69
1010.55
1012.63
1010.2
1010.98
1010.1
1012.43
1011.7
1011.58
1012.62
1011.46
1011.7
1011.55
965.14
962.62
964.23
969.94
965.07
1012.67
1012.87
1012.67
1011.25
1010.06
1011.46
1010.35
1011.48
1011.28
1011.34
1010.48
1011.24
1011.2
1011.11
1012.75
1011.7
1010.67
1012.68
1012.26
1010.29
967.27
965.95
962.96
965.7
969.54
1011.59
1012.21
1011.92
1011.96
1012.87
1011.25
1011.75
1011.13
1011.37
1012.15
1011.99
1012.29
1011.17
1010.5
1012.18
1012.31
1012.65
1011.53
1011.47
1011.48
968.14
967.96
967.21
966.25
965.58
