23.71
23.61
23.64
23.62
23.51
23.72
23.57
23.65
23.59
23.51
23.54
23.73
23.74
23.68
23.62
23.72
23.65
23.69
23.7
23.59
23.59
23.71
23.51
23.64
23.55
16.5
16.45
16.66
16.58
16.35
23.48
23.04
23.22
23.24
22.83
23.39
22.96
22.97
23.41
23.41
23.38
23.26
23.28
23.41
23.22
23.36
23.07
23.49
22.8
23.11
22.94
23.3
22.96
22.83
23.43
16.88
17.15
16.88
17.14
17.1
23.07
23.45
23.19
23.23
23.26
23.08
23.48
23.31
23.05
23.02
23.0
23.3
23.41
23.43
23.35
23.0
23.43
23.45
23.35
23.27
23.1
23.35
23.1
23.0
23.06
16.49
16.25
16.02
16.38
16.17
