37.57
35.95
46.77
37.88
39.13
39.48
33.96
37.03
43.44
35.55
32.75
42.61
30.94
49.54
34.28
49.23
34.53
43.66
31.27
40.69
35.49
45.27
42.83
30.48
41.57
30.31
44.47
31.84
39.27
35.97
49.92
30.62
41.49
40.03
35.37
38.8
37.52
37.4
35.65
37.09
37.02
33.48
39.74
46.48
43.06
38.82
44.23
47.6
41.44
39.51
31.08
47.25
36.54
30.93
36.17
39.53
41.32
31.93
49.89
35.8
42.16
47.34
33.4
45.51
36.02
49.3
32.44
47.21
43.54
34.56
48.63
46.05
49.81
43.76
34.52
40.23
43.33
33.01
44.47
35.95
40.15
40.28
43.43
38.83
37.9
37.7
47.7
49.5
41.21
39.49
43.62
36.03
39.17
36.81
33.58
36.01
36.64
44.85
45.43
35.02
