3.68
2.63
2.67
3.89
3.48
3.38
2.53
3.94
3.48
2.99
3.0
3.11
3.51
2.58
3.73
3.68
2.89
2.94
2.58
3.48
3.8
2.75
3.15
3.3
3.58
3.18
3.27
3.78
3.6
2.91
2.86
3.65
3.78
2.79
3.0
3.04
2.67
2.99
2.95
2.81
2.52
2.65
3.75
3.9
2.75
3.19
3.31
3.56
2.98
2.67
3.64
4.41
4.1
4.62
4.4
4.81
4.55
4.24
4.85
4.13
3.81
4.63
4.09
3.5
3.89
4.04
3.6
3.73
4.57
4.44
4.17
4.03
3.94
4.12
4.33
3.64
4.16
4.05
4.14
4.3
4.46
4.2
4.7
4.01
3.51
3.74
4.81
4.22
4.14
4.68
4.3
4.74
3.69
4.81
4.38
3.51
3.93
3.77
4.36
3.88
