11.73
9.32
12.02
5.17
5.26
6.56
8.75
9.6
14.8
7.8
8.45
9.67
9.77
10.84
7.29
11.28
11.51
14.93
12.04
10.55
11.52
9.84
7.31
6.65
12.1
11.53
6.27
14.04
11.22
7.77
8.82
10.92
14.7
9.0
13.46
11.89
12.7
11.09
8.93
7.36
8.88
5.05
12.94
6.85
13.99
5.08
13.26
13.73
10.74
7.05
10.62
11.69
6.0
12.27
13.13
8.83
7.0
11.44
7.98
7.56
11.51
8.93
13.64
9.09
13.06
13.12
11.08
13.62
9.24
12.88
8.15
9.83
7.68
11.49
14.07
11.06
14.09
14.16
12.52
14.13
7.2
12.68
13.12
12.63
5.74
6.29
11.69
10.2
13.34
5.24
13.51
10.09
12.4
7.71
12.75
11.68
7.78
6.69
13.27
6.47
