37.55
32.57
53.41
33.2
54.53
50.26
52.91
49.25
30.48
32.0
31.17
58.35
42.88
45.99
52.47
57.92
53.18
33.71
53.5
36.15
41.39
36.17
52.67
34.24
58.18
56.62
48.67
32.58
34.31
56.66
40.49
45.55
47.36
38.86
50.53
48.14
35.08
46.29
59.83
35.91
40.23
54.94
45.48
43.27
33.13
33.13
37.79
32.15
56.77
35.49
54.86
50.37
35.01
36.64
35.46
49.68
47.97
59.07
39.92
34.91
56.57
31.21
53.76
53.85
50.27
47.14
49.98
40.11
34.17
30.09
51.23
55.76
32.74
44.39
35.31
58.83
54.77
31.6
30.87
41.52
39.76
39.29
57.02
39.64
43.86
36.11
32.57
46.47
57.38
53.56
42.6
41.12
56.62
36.04
40.72
53.09
38.14
33.13
59.0
55.55
