75.58
312.79
242.27
312.9
18.38
307.41
159.1
229.41
58.9
111.1
332.12
144.64
349.23
314.91
26.93
304.26
353.03
211.74
177.73
261.42
166.46
333.89
159.19
241.87
349.09
350.82
299.87
133.46
142.01
4.68
128.55
27.54
250.98
335.67
30.14
25.78
73.42
85.12
24.8
96.16
202.19
205.57
347.11
151.36
135.67
187.33
147.86
167.79
314.1
20.74
126.44
270.34
133.64
217.21
2.83
218.81
233.33
60.37
271.96
285.82
0.42
287.63
117.6
94.44
193.12
345.85
183.38
140.91
132.49
348.12
178.44
99.06
306.39
219.08
60.78
96.86
181.83
308.54
180.91
311.47
61.3
205.9
34.96
204.23
90.4
71.45
91.23
202.16
282.39
53.69
239.58
171.67
114.96
50.77
183.41
247.35
120.97
265.53
208.26
216.67
